Scaff,Pos,AA_mean,AB_mean,BB_mean,AA_se,AB_se,BB_se,AA.BB,AB.BB
lg13_9996786,9996786,-0.009289782,-0.00168708,0.00246984,0.003926609,0.001647697,0.001513781,0.011759621,0.004156919
lg13_10692300,10692300,-0.009796991,-0.003511857,0.003333405,0.003806076,0.001711728,0.00145658,0.013130396,0.006845262
lg13_11276222,11276222,-0.012041547,-0.002813752,0.003500086,0.003596867,0.001768984,0.001446998,0.015541632,0.006313837
lg13_11743944,11743944,-0.011199951,-0.002483423,0.003414855,0.003895191,0.002014007,0.00144432,0.014614806,0.005898278
lg13_11992801,11992801,-0.009724863,-0.003411371,0.003449388,0.003515647,0.001827232,0.00143347,0.013174251,0.006860759
lg13_12104953,12104953,-0.010537983,-0.00277231,0.003350249,0.003631359,0.001892505,0.001448322,0.013888232,0.006122559
lg13_12104957,12104957,-0.00966925,-0.003072898,0.003353417,0.003294777,0.00182129,0.001444786,0.013022667,0.006426315
lg13_12335944,12335944,-0.006649061,-0.000158608,0.007564955,0.001868782,0.001813689,0.001883005,0.014214016,0.007723563
lg13_12473073,12473073,-0.006650713,-5.60E-05,0.007770434,0.001838922,0.00181488,0.001902549,0.014421147,0.007826407
lg13_12515166,12515166,-0.006574677,-0.000291707,0.007993873,0.00182634,0.001815728,0.001913694,0.01456855,0.00828558
lg13_12835985,12835985,-0.009023713,-0.002386145,0.007079015,0.002377572,0.00200539,0.0019318,0.016102728,0.00946516
lg13_12835995,12835995,-0.00828061,-0.001941839,0.007001549,0.002175235,0.001999281,0.001899066,0.015282159,0.008943389
lg13_13325302,13325302,-0.008064606,0.002954281,0.005949461,0.001789883,0.001813219,0.001943121,0.014014067,0.00299518
lg13_13776729,13776729,-0.00804116,0.002921354,0.006113188,0.00178475,0.00180254,0.002024912,0.014154348,0.003191835
lg13_14901294,14901294,-0.008967559,0.002368556,0.006009962,0.001965618,0.001657275,0.001963297,0.014977521,0.003641406
lg13_16455291,16455291,-0.009350962,0.004014595,0.00451114,0.002062731,0.001655631,0.002155389,0.013862103,0.000496546
lg13_19328941,19328941,-0.007639792,0.005466663,0.005274868,0.001659473,0.001690086,0.002457802,0.01291466,-0.000191795
lg13_19477050,19477050,-0.007816321,0.006236701,0.004197014,0.001710923,0.002078484,0.002433761,0.012013335,-0.002039687
lg13_19796248,19796248,-0.0068695,-0.002135835,0.005147252,0.002244157,0.00194011,0.001582467,0.012016752,0.007283087
lg13_21283493,21283493,-0.00604168,-0.003811292,0.005637504,0.002333896,0.00189625,0.00156669,0.011679184,0.009448796
lg13_21283499,21283499,-0.006146571,-0.004016835,0.005797276,0.002332075,0.001885543,0.00156853,0.011943847,0.009814111